$ANSIBLE_VAULT;1.1;AES256
34303566343265613135323162343364666232633934643133643938386365393439616333366231
3861653162373035353630343630653931343333356362630a363261373833333063373738356135
34313839663765386463343461363233346135643766303863333066613764326439663039666433
6166313430363664630a626637343730653965663639313234383862313763326365656363646262
31633333363533653434373830333162313862346531336531636664613335326630666331376137
37373337646564313661363533373330393861616234376332356266326466306134376161653334
64306163346564373265636238366437353737643865666533333430393733616662623338343235
32663838623035323732346533636338356336663365613465616630323064373238373132633831
35653566336665373462653566626139346462326662666636613630353036373563336364303565
35333430396437353462353066336132313934316639646261343539616634613232623238636137
65383539613932616166343535336435643232386632336363373136303762353533663336646164
37343062356261306438303632333364623463633930323761333237333738376366383661313039
34353065343231656531313963383630333131613331323430316430663931396366326661346237
33303531373061663163643134663765343466353533373961616434353833646463663634643530
32306335363630306161663566343065633064363630306465353234643535366136646164366564
38663831623136653266313462383566623934356163376666353535316130303261313831326366
61623036346633643131636433653662633763306663333736373934316264383461396432323236
63623839396366303137366364373838366239306162326130323231373461336132313738386561
32613862313036386232343766643735613839383333326433633963623135613166363562643961
39363537366365626162666237323361613164616231623237353133316138633739313463633664
65313164303262653266653937646365356434363963653061613965373063363537623133323933
36656638346666636361336636666338333636626239663630643033396538323136613532653264
39653531616438653036356135313533396464393736613030363237643030343430653130383165
32363363633164656534383662643532333235343066336662303234663662366164353737336537
31383634386362316531333961363265363333666461623034393462333937653264663264336334
66663031383665323661616233326435346233383538656330313664326431313639383363333062
63393233643737376466636237663564376434623639363535386564656464343032663033333038
66636338646139633135636130626562323865623238303632306530316262646666633936656337
35663238353733653935346165663766383832393933386532333639383864346233643962613332
35323134373062626333333931316634313038306530323364646238363933623761663665363865
62343961636666363337353464653063373331373535363230313862393766633966353161633437
32616263333633626664373733303733303938326566316462613266646663326261613336636333
38656433363038306437306433346564666662666564653130383564346663363866666330663430
62333030316239313531343661643764656261663135393238613233643061643532636562306138
36383962393132396237346238386630323436393936386364326430383662623461313334336530
35366337666162326635656136306237613536383662626130643436613632353732376362353763
34346464303564633166303939376236313565356633326465373962326132663765623633303931
36663232346361353266343063306164386537363565386165303237343538366637393964613534
33666139316539633837313732626235366166303064633433666336656566393432386531353637
31346331316136386162633932623566653238616536643764653532353863663264356661663935
33376337653933636565316266376561376634306333613834323639643062346338333838303033
34333734323533336262303230653339303337636566613666376530313537373361316137366239
64343735613438373631373561316165373065663965666430646530373530646331383930373531
36616238346231353931313764663836616462663135336630343234623230323765383164373334
66336232636361663562373964633564663065366331396631633336336366326463316537373732
34383766363432313534323464373736346531303035643032383263366138363430396161343833
33323864323736373435336637346266356331336261323338643739613334616263323232346665
62613333313361386163
