$ANSIBLE_VAULT;1.1;AES256
37313138326638343336316533383532316166396235363938383961333862646636393636633036
6538353634323564613966613361656666613830326331390a626664623238346538633134343338
64616136623031313738653765366434653061313864393930326236653966633737366661616438
3462633266333438640a383533356434336337316664323930633364333836616365373239343665
36306636616135643531323839663633373364373137393437313038356564666535393664663035
38663434643364356536663364373363313262343632366238313132393238396535313130386637
37383934643036383836656666303162366332653834376162323230633664336431656639353366
65343663656538313161663230653432353364333261613133303439383035306565303838396664
39366636396664663566663363303632376461376265386262323432613130633732313834346533
38643130666431306266303966383039343734656663636239396335333236323366366435396661
39383733343431303130373063303533616266616164363431633036313534393336653531613031
37626636303430353838613239303961303434613134376236386539656165663139346461653936
30346232346462303362613764633265393162613136623035393931396334323766366336343231
37356362343331383739313233663132303839613039313961386636343433636138666537653931
36343665613166303762376437613038393537393035613763353339626333623033636361656639
31396163356264303835343031366239373061306135346264363236326633653330393432623637
33636431383032633231323365303361343433643136373836643364623537643130346134376432
63623634356334383564653366663732663934633239646332623737336364626633643966386562
63336362316132633431336563663830663430313966323135333731616237363866646465303935
38323037623036333864366164626336356431363738666661643361303736613036323834306236
37326163616364366561636564626266346535376439373666633332643031663064376266663461
33366231333866633364663263383030316536653638376636366633363765386139373465303733
37326135393064326338666334366137636461626166303937646166316566643736666438323535
32613064633033346639613633376665383165353933373434633632306166613766316635373163
64646265623831636564303866623035386464383166356265613335663933643464343831383639
32666133356630303862646465393563343534633236383430366563623535613262366431376261
62326337303131383030363963363365363663373337323633333862396533626664323531393262
65356430333537376639653734353962383864613463353433366562346365353431653364623037
63613231623937616164663534663164663036646132336539623139663635376665623435326466
33383862326632663162633534633931393232373533626331613164653134623134636131343862
39656539653266376532333234316362323631316262643462363061376565363031633564636437
35656234383439326664303430303238393466353437613731633665353962626333363232656531
37663730393635363237323338333331643031656637343231366662346561663239616463323834
32663664623936643239623763303637613633323834653934353332323433376530626138663537
30326164363434633133363366623266343339383433646231343937393632663865643839353061
33633864323234633035663237333962346535356237663531363266316435623531623964643665
65316461636338306532353964646266623364623339636533356631366438323130323933333165
36663866316334353632323539303566626561613137633864656134326432346232346234306563
32366639623338346237623265613164333030363433303762656237366332646138386261366233
33306666333766626332313232393264623333633436366565383036313831333135333931663738
66633163313566353533613937653530643234346162303939333662306161303539376331306639
35643138313439396438653062343236386133363462353338646630623532666462393930633537
31366464373162333363383564653035353561636630633033376363666639653031343661656235
38303639653735313436373161386539613565333061333137653062323030643764313336333462
35323930616330636337633339386166643161366532393265396537353539353532313632656266
33303864633563633038643965393666333565633936343661306132346134316532366230633833
34326434616565303431383362616534643831393961656238373262663538303661666565623762
65393333373766356138313164313062626330383961313132616535393964323833383536623265
61333339613266366435323333313739313632373761646535653863663362376535643033323864
62386636633839626139633361653635366530346337636162353665383265363636356437616261
31333539633838316266356634333934386530313065386536356235643631303063393464393836
38386438643231383631613365376434306531323262346436313539323830626263613365346532
37663863336131373961663361323233636261326665356331393532363564633062396237363834
36393432363538336635323934346136616630656335393038343465646636636231386138386231
39316235386562343239323337636161306565313233633338323833666563306564306138316531
32353534653037613931653262346266613632363330663065656538633434353861326534386537
6333
