$ANSIBLE_VAULT;1.1;AES256
66363964376365383837643230303037313737383164666332353366366465313933623264386565
3264346539333032393334343362666333333732663535650a306662383862323665393466616631
30353963393837623861373963386535666334393030356131396163386634633461616335383136
6435623634663634310a636635333633346661376338343635393730366565333763623264323330
30626432613337633065373665613963333431643730366639663131633636663534666230373962
63346537313734376434303864333366623265613465616630613731353337356465303362366265
66313766633264363037636637313831656666326139336366643663303365313964623936336139
64323638653635633533393631643663626539636463656437366266303665306464353463393035
35656162386634633736366334663133366435393163343731353436393439376435633539636333
36646133633531303336393832623339653563336265356632633937643361333835333061346564
34333362316637366166373330663330393431356464333462346139656639323666333762393038
31633163633264396330336634623431383361323538633633356238303135643230363335383430
63373239333738313231356466313663356666656163613463656636346439643638623235303737
32626538656261396163366130656436363962656663376662653966623630626661386432393964
32346666393861333234626236363637613964333861613965383633626237343539396163633766
66633635306339376563393766366364356430333435656664356536363964353532316533313966
37666332336436643534386463646566323762333731326631363130356362386362363431623731
31623964363138333439366339316663353139616439396630643132663964626466653431376461
39653164373635613731396239393433373637643136313339633334626430653662363539383162
32643937666330303839323733623530626165643434386562373131313332316635356362323963
61363336613361336634313031386336656632396430316239633764383031616261613563343261
34636238616533386136396234323561383534623861366530626538313164646236373531383633
38376435663337663034393137643461346333346331306666376436343464336537396465646233
30653966353162326266366438643165363339393930616137356134666366363332653064633633
38666238653763373536663766316330353661336661363737623064663461393162616261353233
63653533356333323633316531623464386233643234346266376334366331353232653832313539
36613138626439346331663661323465613933616565393664343734393365346537323166346236
63636236653964643964623638343737313238616163396635396630333261333838393063313065
66613534656362313535613638363035646432333732373361336639303839396162303362666165
6231363034366262623263356664653661303334323361636461
