$ANSIBLE_VAULT;1.1;AES256
62653433373661626564383338373137363863386639333633373962316431646635313061326138
6334353437313137386362663938653663353635396436390a363562393536623862396338393933
31663863653135373738626662653862633732646237633135373766343733393064613765616538
6662633463323937370a666236306163623866343562356665616536656263303863613136633534
35323032393365316661386130316138376664656563343039633033653834383933333232353938
31613564393133623131653138313238333861653430376461393162623530313065666631346565
66316539346665373431353666633666616566326336356164643465663739643835326565623835
35386238666463316335356535373234386565313534316366653432653534303031626137653764
63663732343662323433346364343133323164663562303931326366616431316439653766633462
37656231306536646338346261353661306135303861663233656664373539323464393231626335
31333238366535613633623932363930376339363465643236326239626564323730666261663466
63666661313339353261303438643133326662646537313335376665333335343737333763326363
66373164323231333061306562383865386261373137653433373739613738616263343138306439
36653764326566393365613966623132393264306638623539306632623462626263623661343734
33353864616164343565626432343063323332646265363037633639313163313035376130346161
32313339376162356362396133636165343266626433363864626638393635656665306436613163
65363839303430343531616233376663663961346133373037336262333265666332343530383335
61306239383563303333313038336230323263336437393930646535313763313361303464636262
38373331343934323635646538343434626663343731376139386232326130346632643266626436
35653564343962366535383038393736343333656336346236663839343734303731643936346330
31626638653832333133343766613762333663346339383330383234366334653631343831646639
61383866616533623532396539613039626565653736303831346265636233373134373735383862
31373466396539383561333532656532616332303563313636353236333533653133306562663932
61343063366537353031323934363463633933356263633763353762326563316234623566646639
35623231616666633363386233326538383131323132376265616665343263303461656539333733
31636165356436613831633735373835346539356665396135613331366333646638313662663563
30663035323232353161643033323931353661376164363832376238353234643038366530393262
37396637643031626235653134623730313935373862353465653733316363393536303231393863
64663436313636383465643765346337376135383830396465323638336630323338393531363564
64376337313032646330343364643761343133333436666338393333336331656539316535353638
31643736393961613331353061353664313035363034663561616631343465623532626138343430
63363532313331623430306136656466396563373136383736656136353561376534383733393562
66343037313233363132666339353434383963356461303962343833356136303264626338313834
61376639343463363337616165383461663531343731353331366339613430376638626563353039
39613234306262303732313631343735613332323861353466393136356530623965303534303461
66343562346436343432
