$ANSIBLE_VAULT;1.1;AES256
35623837316466623361323931663134326366633232336361386539353466333834363435663438
3864316264626161376662386165326266633562343335610a616162623338653838623734626461
66396461643437363465363465643963383736373431663039336536656661323030633636616231
3466626239383339630a333032383161323036343730303931343538346235306638623265623134
34303366323164656461373839333236626634326636316239636261623461363266386235373734
62346166663932616665636231613661633964323433306639346263383966656361353335313433
34633438383466626339666463633232613637653731393130636639363766613738613364363430
64633538613235323434383036663434336438333538373530313063663162363334353630626462
37353662376334633139643966343865323266343637386434343239613461626331333861326434
38393835323931386362623935616366373661653563356331346664353562363136376539616332
65623336343834613766653839636165353134373233376665653331623138376263316330646230
65333065373430393836623264376230643531623661316630323930303134323530353137633931
65623463323637633865383561343539396663663263653439313035656535666534393930653838
34313164323539623239353464633835336462616563356262653764306634386633356635386636
30313336373535323561306634306565313539613333363336383734363835306233373235643936
34636661303561663134393532633961646266386561623935386631326633396432613833623733
39313533643130306339333230303961646539663962653238393532303761333730633266396661
30653234366566366333653130353130303739623235653264623432623235653237643131613261
37626138653338383339633064626164653961363836313364363537633037336266623262386166
66353930313538393434393134643761636633653038393936373732646434633531313335313261
65643137396361396636343332613265633133623665303238343133346435366233303031383937
61656137356233633431303962383037343931643765613962633731333865623165656666376336
64343961376564643539363439373763623265323365636433616337663631373734323932323266
32666361306132333035306565363866396137303032383130313065643562313335373835343565
32613134383932613932393964303835333733306465646135313763316336316465396434393963
35366239646433306566323138393930343032336361343663626238633136353962636366636135
34633432376435396336393261663439663739633030383238313265666639363533373934333263
30666234323431326565396230393163373766613662633262306565343237306563383262313936
32663337633364643066386264386332336335633534623832613336656338393464646530663963
61323338616531393933353131663535396434623632383836303636663036646431393166336639
64363866386536616532663063393038306161623362343030383835313634313439633530383935
39346261383366666430343737343361306239383732366565636134636236386634623537316432
34643563313735666263393432616163373535663933363366653733383761366130353566373665
39663435613861633137396435383930306161643034343766313738663439386536653834663835
31633565343633633132616436323363393861623732646264653035366430333938653539613061
39383334306337326430656662383636363231366134656531383836633533323136333230393662
33336265346431393735393534643830616662383364363666393236623766313837626162336466
30623062626638616165323562353966316561303862376634313766313530333231326130383661
36343938393362663435623235303636383930393166393636343838363566633737303732353033
61323237303536306361626263383138653531656633306664383136366363313638356430633533
33616238376135376430343166383363303831373365623338323133386562346237356566653038
65373939333763666135653134646132613362316434653561393266333739383036656661313437
33636534353863336633623738343461386435386239653162393561636138373935396165663137
62643961623233623134336563303062643231353161313934323265386133373838343238323638
35646233316131623132616233363438663133353466346131353338396633303264653831386161
35643461396433663233383034373861333162623337396133646432316463343736616133353064
62353232363630366231356235313536633161393664613964643765653766323161383932313065
32383362373434623935373634363830303239343362663665343734353265633335363436363962
35373830343930383836636434653136343133636332613936616138633361323464323931633837
63356537376339313333306634633162626566366632353334306365323133626130376238376463
31646464323663653937393765623164663762646239363033363065623066353965386362636636
62333362346165643939616661366130386535366361356266373132333533373234363631646336
38326465303938313964333733346562376231306333646230336263646461626135346534346632
39666463623465393838373261373638363439343266373235633639643162383239623530636532
37623031333964313031616566613435373530333737663132313261383365656537616438653161
65646263373939346234303137633039633465313565323266346330336562343939653138376463
39363963356164653062633232393131613262656236616165346331663963666361316438626233
36313764316139653531373930306337613932623462616633386232393636333237376632303932
62353830393365306265643362343135656432313461643631393061346339366330303031643063
64666435383666653634656432326565303833653839363664343839346435613634383636303963
62633834333836396630333562666133393232636238646130343566323962383436643461313963
61373335653166386139336566626666636436653339306264333736383434396130383537383037
35383464326161313437666336376665393366393061346530383961623764623932616663616632
33613965303131656161623439653234643839333762386232653337303465313564396237343634
65336264373865356566313230383434333630366435343266313034343432353564393763303463
3735643239666266313866383665643831363736386234376131
