$ANSIBLE_VAULT;1.1;AES256
66356165393436303631663764623433656463633234373464656236656366306336666331393239
6166636539366430633835613933633934383564636462630a356139613733383164346337313335
62656561376136323863366435383233396436653066633633653338383434323162383634326462
6465326131393536640a616333663335616530303031373432363535303563306633646335383831
34323965306664643734306664313230623365376234306261643239323138633464653339383665
62643965313266613761663063663665323638636631333564616633333862303936653931313962
33376339373134633766346136373631373332653034303862343765643232653265666665613837
61373962393934343335336364633634656631633166373834383265366530643765653231396530
62306666613866343734636336363065656639643835366463323639363862306162313237363130
36393739623135373839643065303561626161343934316336366130666265363131633765316335
31396536643632306334376633366338333562396435393962393936376334643561613766313737
66363439643031343633313637613031656336343863623761666136646136333832306532373338
36303836646432356636613839366536373939613866323731396231633638666437396361643561
65313562366133393837383663316339616335623234313436346631373062626435316434373732
63356564376163643764613739366162633161666638346533356139373632376535393365323334
33336138333130386634386332656439656464336437306461333964626663383966623930366339
63643333643732333934333766623636366533333131316561636537653366623466366432326530
36343135386564373464363530623539363831663238353865653834323235313836306539363030
62303332346436313466313936646536666531383035653537616431366430306563306431353431
35633164636162353163666639373766636636343161663566616164323833623136356233633333
34373033646135393265633266316337623735356465393034316530303733383562363430343537
63363535363231646161623063323264653838313565326437343535343535666431616138643063
33373236363838336139636437616634633338636432356434643936363036323861633735373361
64643561623432393632313632643963393133666337333064313064373237333361363366343437
66656435613461633036623139623236306661613637376663656234323566303835623031366439
30633061306436656137323130646462323463363165373866346637643034666633656331326461
36383431366530346363316666393061616433316233383334313665393339396334663137326130
37383932666235346338303466656666353361343566666263663133646533313466346639623863
32313632303130646535326238336433313239613564356130616638316262326232306563363037
39653338646335626430393130653830383734366264353539316533663263616435376538646232
65306164303165613562323832653437396539363861303738326430633966653166336161336362
62653136356337303537316435333739613237313563363063653763343030396462383264656534
38363966303861383432303662626536313863373639303731626464343138383765643761626232
62353334616438323038383963346561313134323166366431366635323966363338363362323966
39393934323138663362366131633930653230636634633862363063646564626561383538323464
36373834353439626238643766306231636566313537666164393266616661316130356662313861
33666439316435396338653930343438616266323131356133306534383466313162333537616536
37383433326536333931376231326239633131303632653663306533303531383138346639393732
38326563306566656365393435653665336238326364306531633936356131643636303138303364
34376265636364303232313532333937346634376233626663306462666334313136383035663234
66386135666532653638306431396461653363646137393837326334336434393235336566376336
64326137656530383632653835633935366662333639653762316135393030396538626661633435
65663137383639353235393436336133333662393661376135376632663233363830363836343162
64316138623236386130643661386530336131616138613035616464336465643133356338333035
64626536393833316464343633386534393830316237663161313638363432353730373265323464
34396333303266346631643565373130623431353663366431663634626539363237343635343665
37363661646631656162666166613564663232633134636530353162653034653334383061656631
66326165353866633166623735336235616130363232623464623934356336323938333830386133
39666237303338323266356431633166313064316633653935393932316533616430666165303037
35313439346231373137326234383634396266386463663363326236393531646463623833623739
61636537393761633164343761363636636638326466636232633664346436616633653634373463
30313032376633383963
