$ANSIBLE_VAULT;1.1;AES256
39346234346561393731333038333036326239353363306635313437353033313430613437336235
3836613130396430356266636535343433343565313062610a343439396638616265313336363238
62336132656435366561636262623132316232393731373264316436386336396531343730363764
3236646664396532650a613563333039616162343435366662376337386439626265343135316536
36303865616632313065643665336138616136653763356331633363666236336461303364373436
39363831383764396137356437396434613139323230633935613863363662653166646264633064
61613637366633663966653563316262313934353163636639356232323137636538343039373261
34656461653365646637623362383834613635636635303262303234303165313763616466623964
66633737303063653362623562396161346639353161356664643731363430363734383439353464
39303137353430623831306330623430313037313030613763363934306263336237373666303264
38306136356566353932393438663965323763663738633132653935316333386131616161383061
30353730363362333133656162626432616161643966393237363962656134613331313862353235
35343838373563396634323761336165613834383733343839626130636561646563663662643531
62346233303734333937613262393730323133313337303637633530346232303138373935386431
32313764616230386265356337376162653866363634373039666630323461396363663931636161
61636631323063636534393533346638376566316336663162363731663036363935306232623761
33313238343138373239363639323362663238303363633366633839383838353831626434653639
30616539366533633431386137326366633561346338373061353062663537306535623835356331
34323839373830333439623937613835323833656232356537366264363361353334383162393162
39366362373066303738386665643439303530383039653362313561353739326265323666336232
35626361376539386361306531363164383130653031336466303434343935316334623939656330
63373732303238306164376338666235646230393336306166646438643663303539666665306261
37643761306334643236633330303835646635346436316637376133616561343563353131386431
65653139313231343136343633626565313231373731323637363965383033333865383434366438
37386339666437386132613739363133633439373265616264303066393637373733323431313965
35643631313531373165623531313238376265336364663162303338393764336562323431313666
35646237316332383666663731303536353761623833646336663664653734313864303466313634
30393464316531363531393636373436336662636665393531303333333330306264663162373139
33636632303435343934356364386435666432666234373239363737366564326230366336303532
31653239663964666461383834386236353566396237383366303562316165346237636133303937
63326632323265373931313830376338613764646131393632393961636539323366626533396439
65663437383936336663396635663433623564326262356561323664386263643832653132356266
66373462373337353563383334366164353134656133306533666336633939396131626636633063
64393865316631643463313032623931646438373637383635623235666436636135636132303330
37323033613461313963656237326531626565656461663932373139363937623333363139316534
32346564376235386539356534663532376661366639393665613237373661373033396135373662
38633333613832343862346438366632633634613338386661376138636537666236393464613238
32393434623630336534616436373362316463316466323032396137616430626466336431303965
38306131353138653037313931656334653362356236323065316438326339313566666264386135
35333530656331346132346634376231643864313831316335643337333166653566336532343963
61623663383863396237366631626362393762323030353764383061313936313333616530376164
64366431643361656163353533373736363834353231383562653936303634636564353066646530
35336337343163636332643231623231363962323065646565623634323639313663326334323439
31613634376563343031353264346164663564363762633232386231656332303936356439396261
65316466313765343265643261633661313433663338646535343364656632323436633334366636
33663831623765633230653231663934663530643964353531393733383062353130366336326334
66343931613630323731323130343638383961396432326264633437656665353530313436613934
38333562376364333964366231386563643061393162323762343866346361616264323235316433
66323339633737393131616163373939396163636135653037363238376139333636366538313264
61386361336433363931366538346461376538306661646338363539626162356133656134666230
39656430663164616163376638383131313162306232613230393435393062393265396633626364
32333737353564363938303039633361316135383361386636383331373636303633656633366438
66333262333038616331613437643563303365353431653261333861363635336136393061373038
6433636331653937653634633263656535383264666230656462
