$ANSIBLE_VAULT;1.1;AES256
31386664643263346637323137306433333735626164656135353766303535353666633162313031
6633656261343239323132333433646332376239306638650a336234393163343261626165663664
65316531396335343866656133393534633266393466306237366263343533383862383437333830
6532333363373065390a373037323661663562396336613835313962323839656538633834323539
64363464643263643039326437663635326563313538313866363637383439373734346339616534
37353634303161393234633265623632326361623034323132363264633662623830356330646161
33396231333363616135396135663964343533343034333264366565646131373536396463613165
61363065353362323431376561633936353466326361616134343765303764383636643166346230
35613934613264303130396562653839613331323738386163376631313430393132383331643533
37363462323266373966613862303236653439363964363030383862396163326133326461666137
38313662316330336462663761363537346532313836333035653231366636393335643737643363
30306431396636363832643465626634646630663736383166366362373565313538343530363431
36366635376264346235663634643262343234393261303632383061303838613663373932313765
39303535323931353632333833626364353038633130383065623834336236386332373639396230
33643338326435623335366166656337326131303634333433313534316337373163383134626131
63353537373633633763653439646431633532313265363137343663626464396338356339656166
37623233313866656266303735633636303736373864643863346638313263323365616562663636
38373334323430643562633239616261363332613931303931336533383935343330343431316339
31666235363432353837616135653238373766373434303538323231336338623838613264316537
34373131323265333038393961613237663339366637353032306337366335616639333130343936
62623830356337323330616331373964646466616666643139656331636637376666343536323562
35666634653834303532393837343738333035303334386633326531626337626562633935343133
373737633238316434663962663263633438
